last: 4 3 13 23 33 34 44 54 55 56 57 47 37 38 48 49 39 29 28 18 19 9 8 7 6 5 15 16 17 27 26 36 46 45 35 25 24 14 12 2 1 0 10 20 30 31 42 43 53 63 64 65 75 85 76 66 67 68 58 59 69 79 78 77 88 89 99 98 97 87 86 96 95 94 93 92 91 90 80 81 82 83 84 74 73 72 71 70 60 61 62 52 51 50 40 41 32 22 21 11 
 sumlen:101.656854
spend time=224.443839