
fitness: 581402.980347
tempo: 426.552310
