
fitness: 582267.662132
tempo: 426.888341
