
fitness: 579498.169252
tempo: 426.322133
