
fitness: 72967.028389
tempo: 41.072108
