
fitness: 73745.760451
tempo: 41.110491
