
fitness: 73420.082816
tempo: 41.105464
