
fitness: 28343410.523707
tempo: 151.459829
