
fitness: 28749759.318059
tempo: 151.448672
