
fitness: 28712747.088908
tempo: 151.547364
