fitness: 802305.415350
tempo: 1514.078444

